Canada-Ontario, Life tables (period 5x5), Females	Last modified: 28 May 2025;  Methods Protocol: v6 (2017)

  Year          Age         mx       qx    ax      lx      dx      Lx       Tx     ex
1921-1924        0      0.09080  0.08548  0.31  100000    8548   94137  6015539  60.16
1921-1924      1-4      0.00642  0.02528  1.44   91452    2312  359897  5921402  64.75
1921-1924      5-9      0.00224  0.01112  2.25   89140     991  442978  5561505  62.39
1921-1924     10-14     0.00169  0.00844  2.47   88149     744  438865  5118526  58.07
1921-1924     15-19     0.00235  0.01170  2.70   87405    1022  434678  4679661  53.54
1921-1924     20-24     0.00329  0.01632  2.61   86383    1410  428552  4244983  49.14
1921-1924     25-29     0.00380  0.01881  2.52   84973    1598  420910  3816431  44.91
1921-1924     30-34     0.00425  0.02103  2.49   83375    1753  412472  3395521  40.73
1921-1924     35-39     0.00519  0.02563  2.53   81622    2092  402933  2983049  36.55
1921-1924     40-44     0.00580  0.02857  2.56   79530    2272  392099  2580116  32.44
1921-1924     45-49     0.00749  0.03679  2.53   77257    2842  379255  2188017  28.32
1921-1924     50-54     0.01003  0.04897  2.58   74415    3644  363254  1808763  24.31
1921-1924     55-59     0.01435  0.06938  2.62   70771    4910  342172  1445508  20.43
1921-1924     60-64     0.02149  0.10217  2.60   65861    6729  313140  1103337  16.75
1921-1924     65-69     0.03455  0.15947  2.59   59132    9430  272920   790197  13.36
1921-1924     70-74     0.05560  0.24488  2.57   49702   12171  218899   517277  10.41
1921-1924     75-79     0.09138  0.37001  2.43   37531   13887  151974   298378   7.95
1921-1924     80-84     0.12358  0.46997  2.45   23644   11112   89916   146404   6.19
1921-1924     85-89     0.19600  0.63408  2.22   12532    7946   40542    56488   4.51
1921-1924     90-94     0.26459  0.75047  2.12    4586    3441   13006    15947   3.48
1921-1924     95-99     0.37607  0.86374  1.87    1144     988    2628     2940   2.57
1921-1924    100-104    0.49233  0.92840  1.65     156     145     294      312   2.00
1921-1924    105-109    0.61004  0.96282  1.45      11      11      18       18   1.63
1921-1924    110+       0.70190  1.00000  1.42       0       0       1        1   1.42
1925-1929        0      0.07971  0.07558  0.31  100000    7558   94816  6167069  61.67
1925-1929      1-4      0.00558  0.02199  1.42   92442    2033  364534  6072253  65.69
1925-1929      5-9      0.00177  0.00879  2.27   90410     794  449883  5707719  63.13
1925-1929     10-14     0.00153  0.00764  2.62   89615     685  446446  5257836  58.67
1925-1929     15-19     0.00215  0.01072  2.68   88931     953  442445  4811390  54.10
1925-1929     20-24     0.00306  0.01518  2.55   87977    1335  436622  4368946  49.66
1925-1929     25-29     0.00342  0.01694  2.55   86642    1467  429612  3932324  45.39
1925-1929     30-34     0.00402  0.01989  2.57   85175    1694  421756  3502711  41.12
1925-1929     35-39     0.00453  0.02239  2.52   83481    1870  412778  3080955  36.91
1925-1929     40-44     0.00557  0.02746  2.57   81612    2241  402618  2668178  32.69
1925-1929     45-49     0.00700  0.03444  2.60   79371    2734  390287  2265560  28.54
1925-1929     50-54     0.00926  0.04529  2.63   76637    3471  374958  1875273  24.47
1925-1929     55-59     0.01398  0.06769  2.66   73166    4953  354238  1500315  20.51
1925-1929     60-64     0.02134  0.10158  2.64   68213    6929  324746  1146077  16.80
1925-1929     65-69     0.03530  0.16266  2.59   61284    9968  282417   821331  13.40
1925-1929     70-74     0.05171  0.22958  2.56   51316   11781  227823   538913  10.50
1925-1929     75-79     0.09102  0.36982  2.47   39535   14621  160640   311090   7.87
1925-1929     80-84     0.12762  0.48133  2.45   24914   11992   93963   150450   6.04
1925-1929     85-89     0.20243  0.64775  2.22   12922    8370   41350    56488   4.37
1925-1929     90-94     0.27823  0.76612  2.07    4552    3487   12534    15138   3.33
1925-1929     95-99     0.39676  0.87892  1.83    1065     936    2358     2604   2.45
1925-1929    100-104    0.51882  0.93853  1.60     129     121     233      246   1.90
1925-1929    105-109    0.63947  0.96864  1.40       8       8      12       12   1.56
1925-1929    110+       0.73167  1.00000  1.37       0       0       0        0   1.37
1930-1934        0      0.06528  0.06243  0.30  100000    6243   95630  6423119  64.23
1930-1934      1-4      0.00381  0.01510  1.38   93757    1415  371320  6327489  67.49
1930-1934      5-9      0.00124  0.00618  2.31   92342     571  460176  5956169  64.50
1930-1934     10-14     0.00109  0.00546  2.55   91771     501  457628  5495993  59.89
1930-1934     15-19     0.00173  0.00861  2.75   91270     786  454582  5038366  55.20
1930-1934     20-24     0.00253  0.01256  2.62   90484    1137  449717  4583784  50.66
1930-1934     25-29     0.00298  0.01478  2.60   89348    1321  443567  4134067  46.27
1930-1934     30-34     0.00329  0.01634  2.54   88027    1438  436605  3690501  41.92
1930-1934     35-39     0.00408  0.02020  2.56   86589    1749  428670  3253896  37.58
1930-1934     40-44     0.00483  0.02388  2.60   84840    2026  419344  2825226  33.30
1930-1934     45-49     0.00658  0.03238  2.63   82814    2681  407724  2405881  29.05
1930-1934     50-54     0.00909  0.04447  2.62   80133    3563  392172  1998157  24.94
1930-1934     55-59     0.01350  0.06546  2.68   76569    5012  371198  1605986  20.97
1930-1934     60-64     0.02065  0.09849  2.66   71558    7048  341330  1234788  17.26
1930-1934     65-69     0.03153  0.14648  2.58   64510    9449  299723   893458  13.85
1930-1934     70-74     0.05119  0.22801  2.61   55061   12554  245242   593735  10.78
1930-1934     75-79     0.08541  0.35168  2.49   42506   14949  175026   348493   8.20
1930-1934     80-84     0.12126  0.46478  2.49   27558   12808  105625   173466   6.29
1930-1934     85-89     0.18755  0.61898  2.25   14749    9130   48677    67842   4.60
1930-1934     90-94     0.26996  0.75278  2.06    5620    4230   15670    19165   3.41
1930-1934     95-99     0.38463  0.87070  1.86    1389    1210    3145     3494   2.52
1930-1934    100-104    0.50763  0.93470  1.62     180     168     331      349   1.94
1930-1934    105-109    0.63050  0.96709  1.42      12      11      18       19   1.58
1930-1934    110+       0.72491  1.00000  1.38       0       0       1        1   1.38
1935-1939        0      0.05071  0.04883  0.24  100000    4883   96305  6634803  66.35
1935-1939      1-4      0.00316  0.01255  1.43   95117    1194  377395  6538497  68.74
1935-1939      5-9      0.00111  0.00555  2.21   93923     521  468159  6161103  65.60
1935-1939     10-14     0.00088  0.00439  2.63   93402     410  466039  5692944  60.95
1935-1939     15-19     0.00135  0.00672  2.71   92992     625  463533  5226905  56.21
1935-1939     20-24     0.00195  0.00970  2.62   92367     896  459706  4763372  51.57
1935-1939     25-29     0.00234  0.01161  2.61   91472    1062  454817  4303666  47.05
1935-1939     30-34     0.00272  0.01353  2.53   90409    1223  449020  3848849  42.57
1935-1939     35-39     0.00348  0.01728  2.58   89186    1541  442198  3399829  38.12
1935-1939     40-44     0.00423  0.02092  2.59   87645    1834  433814  2957632  33.75
1935-1939     45-49     0.00588  0.02902  2.63   85811    2490  423162  2523817  29.41
1935-1939     50-54     0.00856  0.04192  2.61   83321    3493  408244  2100656  25.21
1935-1939     55-59     0.01237  0.06011  2.68   79829    4799  387991  1692412  21.20
1935-1939     60-64     0.01961  0.09372  2.65   75030    7032  358593  1304421  17.39
1935-1939     65-69     0.03100  0.14437  2.63   67998    9817  316716   945828  13.91
1935-1939     70-74     0.05152  0.22945  2.62   58181   13349  259121   629112  10.81
1935-1939     75-79     0.08294  0.34380  2.51   44831   15413  185829   369991   8.25
1935-1939     80-84     0.12057  0.46104  2.45   29418   13563  112490   184162   6.26
1935-1939     85-89     0.19342  0.62975  2.23   15855    9985   51624    71672   4.52
1935-1939     90-94     0.26968  0.75811  2.11    5870    4450   16503    20049   3.42
1935-1939     95-99     0.38765  0.87289  1.85    1420    1240    3197     3546   2.50
1935-1939    100-104    0.51124  0.93603  1.61     180     169     330      349   1.93
1935-1939    105-109    0.63429  0.96780  1.41      12      11      18       18   1.57
1935-1939    110+       0.72857  1.00000  1.37       0       0       1        1   1.37
1940-1944        0      0.04125  0.03995  0.21  100000    3995   96831  6850920  68.51
1940-1944      1-4      0.00213  0.00849  1.53   96005     815  382005  6754088  70.35
1940-1944      5-9      0.00080  0.00398  2.29   95190     379  474926  6372084  66.94
1940-1944     10-14     0.00072  0.00360  2.60   94811     341  473237  5897158  62.20
1940-1944     15-19     0.00098  0.00491  2.65   94470     464  471262  5423921  57.41
1940-1944     20-24     0.00136  0.00677  2.53   94006     636  468461  4952658  52.68
1940-1944     25-29     0.00171  0.00853  2.57   93370     796  464915  4484198  48.03
1940-1944     30-34     0.00206  0.01025  2.56   92573     949  460551  4019283  43.42
1940-1944     35-39     0.00277  0.01378  2.62   91625    1263  455124  3558732  38.84
1940-1944     40-44     0.00365  0.01808  2.68   90362    1634  448014  3103608  34.35
1940-1944     45-49     0.00536  0.02648  2.71   88728    2350  438258  2655594  29.93
1940-1944     50-54     0.00793  0.03893  2.69   86378    3363  424130  2217335  25.67
1940-1944     55-59     0.01195  0.05815  2.68   83016    4827  403870  1793205  21.60
1940-1944     60-64     0.01841  0.08826  2.65   78188    6901  374739  1389335  17.77
1940-1944     65-69     0.02956  0.13809  2.63   71288    9844  333066  1014596  14.23
1940-1944     70-74     0.04709  0.21184  2.63   61443   13016  276388   681530  11.09
1940-1944     75-79     0.08065  0.33628  2.53   48427   16285  201927   405142   8.37
1940-1944     80-84     0.11888  0.45646  2.46   32142   14672  123419   203215   6.32
1940-1944     85-89     0.18967  0.62280  2.24   17471   10881   57365    79796   4.57
1940-1944     90-94     0.27137  0.76222  2.13    6590    5023   18510    22431   3.40
1940-1944     95-99     0.38675  0.87239  1.85    1567    1367    3535     3920   2.50
1940-1944    100-104    0.51154  0.93623  1.61     200     187     366      386   1.93
1940-1944    105-109    0.63575  0.96811  1.41      13      12      19       20   1.57
1940-1944    110+       0.73076  1.00000  1.37       0       0       1        1   1.37
1945-1949        0      0.03570  0.03469  0.19  100000    3469   97174  7048736  70.49
1945-1949      1-4      0.00166  0.00659  1.55   96531     637  384567  6951562  72.01
1945-1949      5-9      0.00065  0.00325  2.33   95894     311  478641  6566995  68.48
1945-1949     10-14     0.00055  0.00275  2.53   95583     263  477266  6088354  63.70
1945-1949     15-19     0.00079  0.00394  2.68   95321     376  475729  5611088  58.87
1945-1949     20-24     0.00107  0.00534  2.61   94945     507  473509  5135359  54.09
1945-1949     25-29     0.00116  0.00576  2.63   94437     544  470899  4661851  49.36
1945-1949     30-34     0.00153  0.00764  2.60   93893     717  467745  4190952  44.64
1945-1949     35-39     0.00217  0.01079  2.65   93176    1006  463514  3723207  39.96
1945-1949     40-44     0.00305  0.01512  2.64   92170    1393  457564  3259694  35.37
1945-1949     45-49     0.00480  0.02373  2.72   90777    2155  448962  2802130  30.87
1945-1949     50-54     0.00702  0.03454  2.67   88622    3061  435981  2353168  26.55
1945-1949     55-59     0.01069  0.05216  2.69   85561    4463  417513  1917187  22.41
1945-1949     60-64     0.01676  0.08065  2.69   81098    6541  390361  1499674  18.49
1945-1949     65-69     0.02683  0.12624  2.66   74557    9412  350769  1109313  14.88
1945-1949     70-74     0.04418  0.19993  2.63   65145   13024  294816   758545  11.64
1945-1949     75-79     0.07196  0.30603  2.56   52121   15951  221674   463729   8.90
1945-1949     80-84     0.10850  0.42612  2.48   36170   15413  142059   242055   6.69
1945-1949     85-89     0.17827  0.59895  2.26   20757   12433   69739    99996   4.82
1945-1949     90-94     0.24838  0.72350  2.12    8325    6023   24249    30257   3.63
1945-1949     95-99     0.36888  0.85930  1.89    2302    1978    5362     6008   2.61
1945-1949    100-104    0.49396  0.92978  1.65     324     301     610      646   1.99
1945-1949    105-109    0.62059  0.96536  1.43      23      22      35       36   1.60
1945-1949    110+       0.71844  1.00000  1.39       1       1       1        1   1.39
1950-1954        0      0.02770  0.02706  0.15  100000    2706   97711  7240488  72.40
1950-1954      1-4      0.00120  0.00478  1.63   97294     465  388070  7142777  73.41
1950-1954      5-9      0.00050  0.00250  2.19   96828     242  483461  6754707  69.76
1950-1954     10-14     0.00041  0.00206  2.63   96586     199  482459  6271246  64.93
1950-1954     15-19     0.00054  0.00269  2.62   96387     259  481316  5788787  60.06
1950-1954     20-24     0.00069  0.00343  2.54   96127     330  479825  5307471  55.21
1950-1954     25-29     0.00083  0.00416  2.54   95797     398  478007  4827646  50.39
1950-1954     30-34     0.00110  0.00547  2.71   95399     522  475799  4349639  45.59
1950-1954     35-39     0.00177  0.00880  2.71   94877     835  472474  3873840  40.83
1950-1954     40-44     0.00267  0.01328  2.67   94041    1249  467299  3401366  36.17
1950-1954     45-49     0.00419  0.02074  2.68   92793    1925  459501  2934067  31.62
1950-1954     50-54     0.00599  0.02955  2.67   90868    2685  448091  2474565  27.23
1950-1954     55-59     0.00940  0.04602  2.68   88183    4058  431501  2026474  22.98
1950-1954     60-64     0.01563  0.07546  2.72   84125    6348  406173  1594973  18.96
1950-1954     65-69     0.02468  0.11655  2.62   77777    9065  367353  1188800  15.28
1950-1954     70-74     0.04057  0.18515  2.65   68712   12722  313613   821447  11.95
1950-1954     75-79     0.06997  0.29864  2.55   55990   16721  238976   507835   9.07
1950-1954     80-84     0.10575  0.41890  2.52   39269   16450  155549   268858   6.85
1950-1954     85-89     0.16917  0.58158  2.31   22819   13271   78451   113310   4.97
1950-1954     90-94     0.24857  0.72757  2.15    9548    6947   27947    34858   3.65
1950-1954     95-99     0.36159  0.85361  1.91    2601    2220    6141     6911   2.66
1950-1954    100-104    0.48691  0.92704  1.66     381     353     725      770   2.02
1950-1954    105-109    0.61466  0.96423  1.44      28      27      44       45   1.62
1950-1954    110+       0.71377  1.00000  1.40       1       1       1        1   1.40
1955-1959        0      0.02444  0.02393  0.14  100000    2393   97945  7377334  73.77
1955-1959      1-4      0.00104  0.00415  1.53   97607     405  389427  7279388  74.58
1955-1959      5-9      0.00042  0.00210  2.31   97202     204  485462  6889961  70.88
1955-1959     10-14     0.00034  0.00168  2.65   96998     163  484607  6404499  66.03
1955-1959     15-19     0.00047  0.00235  2.64   96835     228  483641  5919892  61.13
1955-1959     20-24     0.00059  0.00297  2.48   96608     287  482315  5436251  56.27
1955-1959     25-29     0.00072  0.00359  2.52   96321     345  480747  4953936  51.43
1955-1959     30-34     0.00089  0.00446  2.66   95976     428  478877  4473189  46.61
1955-1959     35-39     0.00129  0.00643  2.61   95547     614  476271  3994312  41.80
1955-1959     40-44     0.00212  0.01056  2.75   94933    1002  472414  3518042  37.06
1955-1959     45-49     0.00358  0.01773  2.68   93931    1665  465789  3045627  32.42
1955-1959     50-54     0.00556  0.02746  2.72   92265    2533  455545  2579838  27.96
1955-1959     55-59     0.00877  0.04298  2.71   89732    3856  439843  2124293  23.67
1955-1959     60-64     0.01387  0.06717  2.69   85876    5769  416043  1684450  19.61
1955-1959     65-69     0.02252  0.10688  2.62   80107    8562  380177  1268407  15.83
1955-1959     70-74     0.03704  0.17044  2.66   71545   12194  329245   888230  12.41
1955-1959     75-79     0.06512  0.28120  2.57   59351   16690  256274   558985   9.42
1955-1959     80-84     0.09939  0.39820  2.50   42662   16988  170920   302710   7.10
1955-1959     85-89     0.16130  0.56510  2.35   25674   14508   89948   131790   5.13
1955-1959     90-94     0.24063  0.71998  2.21   11165    8039   33408    41842   3.75
1955-1959     95-99     0.35517  0.84871  1.92    3127    2654    7471     8434   2.70
1955-1959    100-104    0.48319  0.92578  1.67     473     438     906      963   2.04
1955-1959    105-109    0.61427  0.96430  1.44      35      34      55       57   1.62
1955-1959    110+       0.71587  1.00000  1.40       1       1       2        2   1.40
1960-1964        0      0.02028  0.01992  0.13  100000    1992   98258  7485699  74.86
1960-1964      1-4      0.00080  0.00319  1.62   98008     312  391289  7387442  75.38
1960-1964      5-9      0.00037  0.00185  2.27   97695     181  487984  6996152  71.61
1960-1964     10-14     0.00028  0.00139  2.65   97515     135  487256  6508168  66.74
1960-1964     15-19     0.00044  0.00217  2.72   97379     212  486416  6020912  61.83
1960-1964     20-24     0.00054  0.00271  2.46   97168     263  485169  5534496  56.96
1960-1964     25-29     0.00067  0.00336  2.64   96905     325  483754  5049327  52.11
1960-1964     30-34     0.00084  0.00420  2.63   96579     406  481935  4565573  47.27
1960-1964     35-39     0.00126  0.00628  2.58   96173     604  479403  4083639  42.46
1960-1964     40-44     0.00202  0.01005  2.68   95569     960  475621  3604235  37.71
1960-1964     45-49     0.00333  0.01651  2.71   94609    1562  469470  3128615  33.07
1960-1964     50-54     0.00534  0.02638  2.67   93047    2454  459520  2659145  28.58
1960-1964     55-59     0.00804  0.03947  2.67   90593    3576  444645  2199625  24.28
1960-1964     60-64     0.01289  0.06258  2.66   87017    5446  422332  1754980  20.17
1960-1964     65-69     0.02094  0.09977  2.65   81571    8139  388737  1332648  16.34
1960-1964     70-74     0.03436  0.15897  2.65   73432   11674  339721   943911  12.85
1960-1964     75-79     0.05945  0.25983  2.58   61759   16047  269933   604190   9.78
1960-1964     80-84     0.09520  0.38583  2.55   45712   17637  185268   334257   7.31
1960-1964     85-89     0.15387  0.54747  2.37   28075   15370   99894   148989   5.31
1960-1964     90-94     0.23093  0.70428  2.23   12705    8948   38746    49095   3.86
1960-1964     95-99     0.34675  0.84165  1.94    3757    3162    9119    10350   2.75
1960-1964    100-104    0.47522  0.92251  1.68     595     549    1155     1230   2.07
1960-1964    105-109    0.60784  0.96305  1.45      46      44      73       75   1.64
1960-1964    110+       0.71109  1.00000  1.41       2       2       2        2   1.41
1965-1969        0      0.01699  0.01674  0.11  100000    1674   98517  7595070  75.95
1965-1969      1-4      0.00073  0.00290  1.64   98326     285  392631  7496553  76.24
1965-1969      5-9      0.00037  0.00184  2.15   98041     180  489693  7103922  72.46
1965-1969     10-14     0.00028  0.00138  2.60   97861     135  488982  6614228  67.59
1965-1969     15-19     0.00046  0.00231  2.65   97726     226  488100  6125246  62.68
1965-1969     20-24     0.00050  0.00248  2.57   97500     242  486914  5637147  57.82
1965-1969     25-29     0.00056  0.00280  2.65   97258     272  485651  5150233  52.95
1965-1969     30-34     0.00077  0.00385  2.68   96986     374  484062  4664582  48.10
1965-1969     35-39     0.00123  0.00616  2.68   96612     595  481684  4180519  43.27
1965-1969     40-44     0.00200  0.00996  2.70   96018     956  477889  3698835  38.52
1965-1969     45-49     0.00326  0.01618  2.63   95062    1538  471657  3220946  33.88
1965-1969     50-54     0.00505  0.02497  2.69   93524    2335  462220  2749289  29.40
1965-1969     55-59     0.00778  0.03818  2.66   91189    3482  447808  2287069  25.08
1965-1969     60-64     0.01204  0.05858  2.67   87707    5138  426561  1839261  20.97
1965-1969     65-69     0.01858  0.08899  2.64   82569    7348  395511  1412700  17.11
1965-1969     70-74     0.03086  0.14388  2.65   75222   10823  350665  1017189  13.52
1965-1969     75-79     0.05272  0.23436  2.63   64399   15093  286297   666525  10.35
1965-1969     80-84     0.08588  0.35505  2.56   49306   17506  203857   380228   7.71
1965-1969     85-89     0.14151  0.51759  2.41   31800   16459  116312   176370   5.55
1965-1969     90-94     0.22735  0.69334  2.19   15341   10636   46782    60059   3.92
1965-1969     95-99     0.33689  0.83341  1.97    4704    3921   11638    13276   2.82
1965-1969    100-104    0.46950  0.92045  1.70     784     721    1536     1638   2.09
1965-1969    105-109    0.60740  0.96321  1.46      62      60      99      102   1.64
1965-1969    110+       0.71466  1.00000  1.40       2       2       3        3   1.40
1970-1974        0      0.01346  0.01330  0.12  100000    1330   98831  7694266  76.94
1970-1974      1-4      0.00065  0.00259  1.60   98670     256  394065  7595435  76.98
1970-1974      5-9      0.00030  0.00150  2.39   98414     147  491683  7201370  73.17
1970-1974     10-14     0.00026  0.00128  2.63   98266     126  491034  6709687  68.28
1970-1974     15-19     0.00050  0.00248  2.63   98141     244  490126  6218653  63.36
1970-1974     20-24     0.00048  0.00241  2.44   97897     236  488880  5728527  58.52
1970-1974     25-29     0.00056  0.00278  2.59   97661     271  487651  5239647  53.65
1970-1974     30-34     0.00080  0.00401  2.59   97390     390  486007  4751996  48.79
1970-1974     35-39     0.00122  0.00611  2.67   96999     592  483618  4265989  43.98
1970-1974     40-44     0.00194  0.00964  2.67   96407     929  479869  3782371  39.23
1970-1974     45-49     0.00310  0.01540  2.67   95478    1470  473962  3302503  34.59
1970-1974     50-54     0.00475  0.02350  2.67   94008    2209  464902  2828540  30.09
1970-1974     55-59     0.00748  0.03674  2.67   91799    3373  451145  2363638  25.75
1970-1974     60-64     0.01110  0.05406  2.64   88426    4780  430838  1912493  21.63
1970-1974     65-69     0.01734  0.08330  2.65   83645    6968  401861  1481655  17.71
1970-1974     70-74     0.02826  0.13250  2.65   76678   10159  359502  1079794  14.08
1970-1974     75-79     0.04784  0.21494  2.64   66518   14297  298840   720291  10.83
1970-1974     80-84     0.07872  0.33022  2.56   52221   17244  219047   421451   8.07
1970-1974     85-89     0.13325  0.49602  2.42   34977   17349  130202   202404   5.79
1970-1974     90-94     0.21434  0.67266  2.23   17628   11857   55321    72202   4.10
1970-1974     95-99     0.32303  0.82036  2.00    5770    4734   14654    16881   2.93
1970-1974    100-104    0.45578  0.91429  1.73    1037     948    2079     2228   2.15
1970-1974    105-109    0.59589  0.96086  1.47      89      85     143      148   1.67
1970-1974    110+       0.70580  1.00000  1.42       3       3       5        5   1.42
1975-1979        0      0.01041  0.01032  0.13  100000    1032   99100  7819499  78.19
1975-1979      1-4      0.00049  0.00194  1.63   98968     192  395417  7720399  78.01
1975-1979      5-9      0.00024  0.00121  2.30   98776     119  493559  7324982  74.16
1975-1979     10-14     0.00022  0.00110  2.74   98657     108  493040  6831423  69.24
1975-1979     15-19     0.00042  0.00211  2.57   98549     208  492238  6338384  64.32
1975-1979     20-24     0.00044  0.00222  2.52   98341     218  491164  5846145  59.45
1975-1979     25-29     0.00049  0.00244  2.65   98123     239  490051  5354981  54.57
1975-1979     30-34     0.00063  0.00317  2.67   97883     310  488692  4864930  49.70
1975-1979     35-39     0.00103  0.00515  2.72   97573     502  486721  4376238  44.85
1975-1979     40-44     0.00170  0.00848  2.75   97071     824  483504  3889517  40.07
1975-1979     45-49     0.00284  0.01409  2.67   96247    1356  478073  3406013  35.39
1975-1979     50-54     0.00441  0.02184  2.63   94891    2072  469550  2927940  30.86
1975-1979     55-59     0.00683  0.03364  2.70   92819    3123  456906  2458390  26.49
1975-1979     60-64     0.01045  0.05101  2.64   89696    4576  437673  2001484  22.31
1975-1979     65-69     0.01636  0.07880  2.66   85120    6707  409937  1563811  18.37
1975-1979     70-74     0.02604  0.12267  2.65   78413    9619  369414  1153875  14.72
1975-1979     75-79     0.04314  0.19547  2.60   68794   13447  311688   784460  11.40
1975-1979     80-84     0.07209  0.30689  2.58   55347   16986  235617   472772   8.54
1975-1979     85-89     0.12123  0.46324  2.46   38362   17771  146590   237156   6.18
1975-1979     90-94     0.19634  0.64043  2.29   20591   13187   67163    90566   4.40
1975-1979     95-99     0.29534  0.79026  2.06    7404    5851   19811    23403   3.16
1975-1979    100-104    0.42091  0.89552  1.79    1553    1391    3304     3592   2.31
1975-1979    105-109    0.55801  0.95144  1.54     162     154     277      288   1.78
1975-1979    110+       0.66857  1.00000  1.50       8       8      12       12   1.50
1980-1984        0      0.00750  0.00745  0.13  100000     745   99355  7935313  79.35
1980-1984      1-4      0.00040  0.00159  1.75   99255     158  396664  7835958  78.95
1980-1984      5-9      0.00020  0.00100  2.26   99097      99  495211  7439294  75.07
1980-1984     10-14     0.00020  0.00098  2.78   98997      97  494770  6944084  70.14
1980-1984     15-19     0.00034  0.00170  2.64   98900     168  494103  6449314  65.21
1980-1984     20-24     0.00038  0.00187  2.45   98732     185  493188  5955211  60.32
1980-1984     25-29     0.00041  0.00205  2.58   98547     202  492245  5462023  55.43
1980-1984     30-34     0.00054  0.00270  2.75   98345     265  491127  4969778  50.53
1980-1984     35-39     0.00091  0.00454  2.69   98080     446  489371  4478651  45.66
1980-1984     40-44     0.00151  0.00752  2.69   97634     734  486476  3989281  40.86
1980-1984     45-49     0.00242  0.01204  2.73   96900    1167  481847  3502805  36.15
1980-1984     50-54     0.00401  0.01985  2.68   95733    1900  474259  3020959  31.56
1980-1984     55-59     0.00622  0.03065  2.67   93832    2876  462463  2546700  27.14
1980-1984     60-64     0.00961  0.04699  2.65   90956    4274  444730  2084237  22.91
1980-1984     65-69     0.01525  0.07365  2.68   86682    6385  418567  1639506  18.91
1980-1984     70-74     0.02445  0.11561  2.64   80298    9283  379616  1220939  15.21
1980-1984     75-79     0.03989  0.18212  2.61   71014   12933  324205   841323  11.85
1980-1984     80-84     0.06799  0.29196  2.58   58081   16957  249408   517118   8.90
1980-1984     85-89     0.11207  0.43611  2.46   41124   17935  160036   267710   6.51
1980-1984     90-94     0.18266  0.61226  2.31   23189   14198   77729   107674   4.64
1980-1984     95-99     0.27770  0.76871  2.10    8991    6912   24889    29945   3.33
1980-1984    100-104    0.39860  0.88151  1.84    2080    1833    4599     5057   2.43
1980-1984    105-109    0.53344  0.94419  1.58     246     233     436      457   1.86
1980-1984    110+       0.64391  1.00000  1.55      14      14      21       21   1.55
1985-1989        0      0.00628  0.00624  0.14  100000     624   99461  8007238  80.07
1985-1989      1-4      0.00037  0.00147  1.57   99376     146  397148  7907777  79.57
1985-1989      5-9      0.00016  0.00078  2.32   99230      77  495941  7510630  75.69
1985-1989     10-14     0.00016  0.00082  2.55   99153      81  495564  7014689  70.75
1985-1989     15-19     0.00033  0.00166  2.62   99072     164  494968  6519124  65.80
1985-1989     20-24     0.00034  0.00171  2.52   98907     169  494119  6024156  60.91
1985-1989     25-29     0.00038  0.00192  2.50   98739     190  493219  5530037  56.01
1985-1989     30-34     0.00051  0.00257  2.67   98549     253  492154  5036818  51.11
1985-1989     35-39     0.00075  0.00377  2.69   98296     370  490625  4544664  46.23
1985-1989     40-44     0.00129  0.00643  2.75   97926     630  488212  4054039  41.40
1985-1989     45-49     0.00226  0.01123  2.74   97296    1093  484014  3565827  36.65
1985-1989     50-54     0.00361  0.01789  2.65   96203    1721  476971  3081813  32.03
1985-1989     55-59     0.00562  0.02776  2.70   94482    2623  466381  2604842  27.57
1985-1989     60-64     0.00884  0.04330  2.67   91859    3978  450011  2138461  23.28
1985-1989     65-69     0.01412  0.06834  2.66   87882    6005  425367  1688450  19.21
1985-1989     70-74     0.02307  0.10947  2.68   81876    8963  388562  1263083  15.43
1985-1989     75-79     0.03864  0.17697  2.62   72913   12904  333907   874521  11.99
1985-1989     80-84     0.06538  0.28220  2.58   60010   16935  259009   540614   9.01
1985-1989     85-89     0.11048  0.43270  2.50   43075   18639  168700   281605   6.54
1985-1989     90-94     0.18335  0.61427  2.31   24436   15010   81869   112904   4.62
1985-1989     95-99     0.28103  0.77344  2.09    9426    7290   25941    31036   3.29
1985-1989    100-104    0.40680  0.88727  1.82    2135    1895    4658     5094   2.39
1985-1989    105-109    0.54638  0.94836  1.56     241     228     418      437   1.81
1985-1989    110+       0.65991  1.00000  1.52      12      12      19       19   1.52
1990-1994        0      0.00550  0.00547  0.14  100000     547   99528  8081707  80.82
1990-1994      1-4      0.00025  0.00100  1.68   99453      99  397582  7982179  80.26
1990-1994      5-9      0.00015  0.00077  2.38   99354      77  496567  7584597  76.34
1990-1994     10-14     0.00016  0.00079  2.76   99277      78  496209  7088030  71.40
1990-1994     15-19     0.00030  0.00147  2.57   99199     146  495637  6591821  66.45
1990-1994     20-24     0.00032  0.00159  2.52   99052     157  494871  6096184  61.55
1990-1994     25-29     0.00036  0.00181  2.66   98895     179  494056  5601313  56.64
1990-1994     30-34     0.00048  0.00241  2.58   98716     238  493007  5107257  51.74
1990-1994     35-39     0.00074  0.00368  2.66   98479     362  491545  4614250  46.86
1990-1994     40-44     0.00117  0.00581  2.63   98116     570  489232  4122704  42.02
1990-1994     45-49     0.00194  0.00965  2.72   97546     941  485588  3633472  37.25
1990-1994     50-54     0.00318  0.01581  2.69   96605    1527  479491  3147883  32.59
1990-1994     55-59     0.00527  0.02604  2.66   95078    2476  469590  2668393  28.07
1990-1994     60-64     0.00823  0.04039  2.69   92602    3740  454367  2198803  23.74
1990-1994     65-69     0.01303  0.06321  2.66   88862    5617  431154  1744436  19.63
1990-1994     70-74     0.02133  0.10155  2.64   83244    8454  396261  1313281  15.78
1990-1994     75-79     0.03600  0.16597  2.65   74791   12413  344833   917020  12.26
1990-1994     80-84     0.06274  0.27251  2.59   62377   16998  270926   572188   9.17
1990-1994     85-89     0.10645  0.42017  2.49   45379   19067  179114   301262   6.64
1990-1994     90-94     0.18126  0.61076  2.33   26312   16070   88660   122148   4.64
1990-1994     95-99     0.28288  0.77634  2.09   10242    7951   28107    33488   3.27
1990-1994    100-104    0.41358  0.89195  1.81    2291    2043    4940     5380   2.35
1990-1994    105-109    0.55810  0.95192  1.54     248     236     422      440   1.78
1990-1994    110+       0.67478  1.00000  1.48      12      12      18       18   1.48
1995-1999        0      0.00493  0.00491  0.14  100000     491   99577  8132045  81.32
1995-1999      1-4      0.00023  0.00091  1.65   99509      90  397825  8032468  80.72
1995-1999      5-9      0.00012  0.00058  2.46   99419      58  496949  7634643  76.79
1995-1999     10-14     0.00014  0.00068  2.62   99361      67  496646  7137694  71.84
1995-1999     15-19     0.00026  0.00128  2.57   99294     127  496162  6641048  66.88
1995-1999     20-24     0.00026  0.00129  2.62   99167     128  495532  6144886  61.96
1995-1999     25-29     0.00032  0.00159  2.60   99039     157  494818  5649354  57.04
1995-1999     30-34     0.00043  0.00216  2.60   98882     214  493896  5154536  52.13
1995-1999     35-39     0.00069  0.00343  2.73   98668     338  492571  4660640  47.24
1995-1999     40-44     0.00110  0.00546  2.67   98330     537  490397  4168069  42.39
1995-1999     45-49     0.00180  0.00896  2.71   97792     877  486953  3677673  37.61
1995-1999     50-54     0.00294  0.01459  2.69   96916    1414  481315  3190720  32.92
1995-1999     55-59     0.00477  0.02358  2.65   95502    2251  472217  2709405  28.37
1995-1999     60-64     0.00764  0.03756  2.68   93251    3502  458128  2237188  23.99
1995-1999     65-69     0.01211  0.05889  2.67   89748    5285  436424  1779060  19.82
1995-1999     70-74     0.01987  0.09494  2.66   84463    8019  403555  1342635  15.90
1995-1999     75-79     0.03425  0.15857  2.66   76445   12121  353874   939080  12.28
1995-1999     80-84     0.06223  0.27091  2.61   64323   17426  280042   585206   9.10
1995-1999     85-89     0.10895  0.42872  2.52   46897   20106  184540   305164   6.51
1995-1999     90-94     0.18749  0.62326  2.31   26791   16698   89062   120624   4.50
1995-1999     95-99     0.29773  0.79479  2.07   10093    8022   26944    31562   3.13
1995-1999    100-104    0.43753  0.90615  1.77    2071    1877    4290     4618   2.23
1995-1999    105-109    0.58879  0.95984  1.49     194     187     317      328   1.69
1995-1999    110+       0.70799  1.00000  1.41       8       8      11       11   1.41
2000-2004        0      0.00507  0.00505  0.14  100000     505   99565  8212502  82.13
2000-2004      1-4      0.00019  0.00078  1.65   99495      77  397799  8112936  81.54
2000-2004      5-9      0.00009  0.00044  2.34   99418      44  496973  7715138  77.60
2000-2004     10-14     0.00011  0.00053  2.85   99374      52  496758  7218165  72.64
2000-2004     15-19     0.00023  0.00114  2.60   99322     113  496338  6721406  67.67
2000-2004     20-24     0.00027  0.00134  2.43   99209     133  495701  6225068  62.75
2000-2004     25-29     0.00031  0.00154  2.57   99075     152  495007  5729368  57.83
2000-2004     30-34     0.00041  0.00203  2.64   98923     201  494141  5234360  52.91
2000-2004     35-39     0.00063  0.00317  2.64   98722     313  492871  4740219  48.02
2000-2004     40-44     0.00104  0.00517  2.71   98409     508  490882  4247348  43.16
2000-2004     45-49     0.00164  0.00818  2.67   97901     801  487637  3756466  38.37
2000-2004     50-54     0.00272  0.01352  2.68   97100    1312  482447  3268829  33.66
2000-2004     55-59     0.00430  0.02128  2.69   95787    2038  474227  2786382  29.09
2000-2004     60-64     0.00692  0.03404  2.67   93749    3192  461294  2312155  24.66
2000-2004     65-69     0.01123  0.05471  2.65   90557    4954  441143  1850861  20.44
2000-2004     70-74     0.01829  0.08770  2.66   85603    7507  410415  1409718  16.47
2000-2004     75-79     0.03087  0.14399  2.67   78096   11245  364257   999303  12.80
2000-2004     80-84     0.05606  0.24749  2.64   66851   16545  295140   635046   9.50
2000-2004     85-89     0.10187  0.40695  2.53   50306   20472  200967   339906   6.76
2000-2004     90-94     0.17806  0.60414  2.34   29834   18024  101222   138939   4.66
2000-2004     95-99     0.28981  0.78622  2.09   11810    9285   32039    37717   3.19
2000-2004    100-104    0.43318  0.90434  1.78    2525    2283    5271     5678   2.25
2000-2004    105-109    0.58950  0.96026  1.49     242     232     393      407   1.68
2000-2004    110+       0.71257  1.00000  1.40      10      10      13       13   1.40
2005-2009        0      0.00480  0.00478  0.14  100000     478   99589  8307370  83.07
2005-2009      1-4      0.00016  0.00062  1.69   99522      62  397946  8207781  82.47
2005-2009      5-9      0.00008  0.00041  2.47   99460      41  497198  7809835  78.52
2005-2009     10-14     0.00009  0.00043  2.90   99419      43  497007  7312637  73.55
2005-2009     15-19     0.00022  0.00108  2.72   99377     107  496639  6815630  68.58
2005-2009     20-24     0.00024  0.00119  2.40   99270     118  496041  6318991  63.65
2005-2009     25-29     0.00028  0.00141  2.59   99151     140  495420  5822950  58.73
2005-2009     30-34     0.00038  0.00192  2.64   99012     190  494610  5327530  53.81
2005-2009     35-39     0.00059  0.00294  2.69   98822     290  493438  4832920  48.91
2005-2009     40-44     0.00096  0.00478  2.69   98531     471  491569  4339482  44.04
2005-2009     45-49     0.00161  0.00804  2.69   98061     789  488483  3847914  39.24
2005-2009     50-54     0.00256  0.01271  2.65   97272    1236  483451  3359431  34.54
2005-2009     55-59     0.00388  0.01920  2.65   96036    1844  475842  2875980  29.95
2005-2009     60-64     0.00620  0.03053  2.67   94192    2876  464251  2400138  25.48
2005-2009     65-69     0.00980  0.04788  2.66   91316    4372  446353  1935888  21.20
2005-2009     70-74     0.01629  0.07847  2.67   86943    6823  418851  1489534  17.13
2005-2009     75-79     0.02737  0.12862  2.66   80121   10305  376514  1070683  13.36
2005-2009     80-84     0.05060  0.22594  2.63   69816   15774  311729   694169   9.94
2005-2009     85-89     0.09350  0.38055  2.56   54041   20566  219950   382441   7.08
2005-2009     90-94     0.16757  0.58239  2.38   33476   19496  116345   162490   4.85
2005-2009     95-99     0.27806  0.77227  2.12   13980   10796   38827    46145   3.30
2005-2009    100-104    0.42275  0.89894  1.80    3184    2862    6770     7318   2.30
2005-2009    105-109    0.58276  0.95893  1.50     322     309     529      548   1.70
2005-2009    110+       0.70948  1.00000  1.41      13      13      19       19   1.41
2010-2014        0      0.00437  0.00435  0.14  100000     435   99626  8408143  84.08
2010-2014      1-4      0.00014  0.00057  1.49   99565      56  398118  8308518  83.45
2010-2014      5-9      0.00007  0.00034  2.36   99508      34  497452  7910400  79.49
2010-2014     10-14     0.00010  0.00051  2.74   99474      51  497257  7412948  74.52
2010-2014     15-19     0.00018  0.00091  2.76   99423      90  496915  6915692  69.56
2010-2014     20-24     0.00024  0.00120  2.59   99333     119  496381  6418777  64.62
2010-2014     25-29     0.00031  0.00155  2.62   99215     153  495708  5922396  59.69
2010-2014     30-34     0.00038  0.00191  2.61   99061     189  494854  5426688  54.78
2010-2014     35-39     0.00055  0.00277  2.60   98872     274  493703  4931834  49.88
2010-2014     40-44     0.00087  0.00437  2.70   98598     430  492003  4438130  45.01
2010-2014     45-49     0.00142  0.00710  2.70   98168     697  489236  3946128  40.20
2010-2014     50-54     0.00233  0.01158  2.68   97471    1129  484732  3456892  35.47
2010-2014     55-59     0.00371  0.01837  2.65   96342    1769  477546  2972160  30.85
2010-2014     60-64     0.00555  0.02739  2.67   94572    2591  466826  2494614  26.38
2010-2014     65-69     0.00877  0.04299  2.66   91982    3954  450673  2027788  22.05
2010-2014     70-74     0.01428  0.06909  2.66   88027    6082  425889  1577115  17.92
2010-2014     75-79     0.02420  0.11460  2.69   81946    9391  387994  1151226  14.05
2010-2014     80-84     0.04501  0.20357  2.66   72555   14770  328140   763233  10.52
2010-2014     85-89     0.08300  0.34585  2.59   57784   19985  240771   435093   7.53
2010-2014     90-94     0.15418  0.55145  2.42   37800   20845  135199   194322   5.14
2010-2014     95-99     0.25956  0.74796  2.17   16955   12682   48859    59123   3.49
2010-2014    100-104    0.40253  0.88701  1.85    4273    3791    9417    10265   2.40
2010-2014    105-109    0.56468  0.95470  1.53     483     461     816      848   1.76
2010-2014    110+       0.69523  1.00000  1.44      22      22      31       31   1.44
2015-2019        0      0.00436  0.00435  0.14  100000     435   99626  8444919  84.45
2015-2019      1-4      0.00014  0.00055  1.61   99565      54  398131  8345293  83.82
2015-2019      5-9      0.00007  0.00037  2.34   99511      37  497456  7947162  79.86
2015-2019     10-14     0.00010  0.00049  2.78   99474      48  497262  7449706  74.89
2015-2019     15-19     0.00019  0.00097  2.90   99426      96  496926  6952444  69.93
2015-2019     20-24     0.00029  0.00144  2.60   99330     143  496306  6455517  64.99
2015-2019     25-29     0.00037  0.00187  2.53   99187     185  495475  5959212  60.08
2015-2019     30-34     0.00050  0.00252  2.57   99001     249  494401  5463736  55.19
2015-2019     35-39     0.00061  0.00303  2.62   98752     299  493050  4969335  50.32
2015-2019     40-44     0.00087  0.00433  2.68   98453     427  491278  4476285  45.47
2015-2019     45-49     0.00135  0.00670  2.69   98027     657  488617  3985007  40.65
2015-2019     50-54     0.00223  0.01109  2.72   97370    1079  484383  3496389  35.91
2015-2019     55-59     0.00352  0.01745  2.68   96290    1680  477551  3012006  31.28
2015-2019     60-64     0.00543  0.02680  2.68   94610    2536  467156  2534455  26.79
2015-2019     65-69     0.00845  0.04142  2.67   92074    3814  451498  2067299  22.45
2015-2019     70-74     0.01393  0.06745  2.67   88260    5954  427446  1615801  18.31
2015-2019     75-79     0.02274  0.10797  2.67   82307    8887  390806  1188355  14.44
2015-2019     80-84     0.04168  0.19004  2.68   73420   13953  334729   797548  10.86
2015-2019     85-89     0.07757  0.32727  2.61   59467   19462  250883   462819   7.78
2015-2019     90-94     0.14675  0.53359  2.44   40006   21347  145463   211936   5.30
2015-2019     95-99     0.25228  0.73802  2.19   18659   13771   54585    66473   3.56
2015-2019    100-104    0.39682  0.88370  1.86    4888    4320   10886    11888   2.43
2015-2019    105-109    0.56231  0.95430  1.54     569     543     965     1002   1.76
2015-2019    110+       0.69589  1.00000  1.44      26      26      37       37   1.44
2020-2023        0      0.00393  0.00392  0.14  100000     392   99663  8429072  84.29
2020-2023      1-4      0.00015  0.00059  1.61   99608      59  398292  8329409  83.62
2020-2023      5-9      0.00007  0.00037  2.41   99549      37  497652  7931117  79.67
2020-2023     10-14     0.00009  0.00047  2.78   99513      46  497461  7433465  74.70
2020-2023     15-19     0.00020  0.00100  2.75   99466     100  497109  6936004  69.73
2020-2023     20-24     0.00035  0.00174  2.62   99367     173  496423  6438896  64.80
2020-2023     25-29     0.00044  0.00219  2.67   99194     218  495463  5942473  59.91
2020-2023     30-34     0.00060  0.00298  2.66   98977     295  494192  5447009  55.03
2020-2023     35-39     0.00079  0.00396  2.61   98681     391  492474  4952817  50.19
2020-2023     40-44     0.00104  0.00516  2.53   98290     508  490196  4460343  45.38
2020-2023     45-49     0.00147  0.00733  2.62   97783     717  487209  3970147  40.60
2020-2023     50-54     0.00222  0.01105  2.69   97066    1073  482851  3482938  35.88
2020-2023     55-59     0.00356  0.01767  2.69   95993    1696  476056  3000087  31.25
2020-2023     60-64     0.00558  0.02755  2.68   94298    2598  465448  2524031  26.77
2020-2023     65-69     0.00868  0.04252  2.65   91700    3899  449344  2058583  22.45
2020-2023     70-74     0.01348  0.06533  2.67   87800    5736  425654  1609239  18.33
2020-2023     75-79     0.02322  0.11020  2.69   82064    9043  389448  1183585  14.42
2020-2023     80-84     0.04108  0.18739  2.66   73021   13683  333056   794137  10.88
2020-2023     85-89     0.07721  0.32613  2.62   59337   19352  250652   461081   7.77
2020-2023     90-94     0.14811  0.53714  2.44   39986   21478  145015   210429   5.26
2020-2023     95-99     0.25461  0.74164  2.19   18508   13726   53910    65414   3.53
2020-2023    100-104    0.40155  0.88697  1.85    4782    4241   10562    11504   2.41
2020-2023    105-109    0.56908  0.95611  1.53     540     517     908      942   1.74
2020-2023    110+       0.70349  1.00000  1.42      24      24      34       34   1.42
